19 28 54 / 63 21 43 24 22 12 10 / 61 41 37 29 43 50 03
16 35 54 / 36 39 12 09 39 26 46 30 / 51 31 43 16 35 32
28 52 45 57 / 28 22 39 07 28 36 49 21 / 51 09 / 43 57
40 08 58 40 39 38 16 18 54 / 22 10 49 21 34 30 23 30
52 / 62 31 06 40 24 10 41 10 / 49 36 37 56 11 44 49 /
45 / 28 59 49 / 44 28 09 52 24 19 49 / 05 59 54 /
61 07 56 36 12 58 23 60 54 / 10 31 / 60 22 / 26 57
31 45 / 62 19 28 / 10 36 37 56 11 28 / 19 49 /
27 24 29 58 / 33 60 18 23 12 41 57 21 25 / 44 42 10 /
43 04 59 08 13 19 48 38 36 09 54 / 51 09 44 54 /
10 36 05 56 11 60 49 / 21 48 62 31 06 16 62 32 07 44
49 / 02 20 62 09 39 / 08 32 40 51 23 55 / 05 50 60 26 /
05 19 10 / 55 42 02 22 57 12 36 51 46 00 / 07 36 63
50 / 48 50 / 18 60 36 05 31 39 07 / 52 20 12 22 /
28 46 49 52 04 32 35 52 32 57 22 / 62 42 60 /
44 28 46 39 34 32 07 12 34 19 / 27 19 57 20 /
41 56 44 21 34 33 / 28 07 52 45 38 07 48 12 /